"Year" "Lat" "Lon" "Commercial.weight" "Area_swept" "Depth" "Temperature"
"5186" 2008 46.516107 -62.954287 0 2304 36.576 0.96
"5187" 2008 46.604137 -62.686248 0 999 45.72 0.35
"5188" 2008 46.566508 -62.581643 0 1563 43.8912 0.2
"5189" 2008 46.638142 -62.44696 2.372949253 2728 54.864 -1.2
"5190" 2008 46.561863 -62.235747 0 2156 43.8912 -0.01
"5191" 2008 46.557498 -62.303158 0 2573 43.8912 -0.1
"5192" 2008 46.626687 -61.86975 2.455336769 2837 56.6928 -0.8
"5193" 2008 46.639853 -61.950637 1.029499886 2747 56.6928 -1.04
"5194" 2008 46.889558 -63.269673 6.636163289 2734.2 58.5216 -1.18
"5195" 2008 46.865927 -63.073655 0.735068519 3197 60.3504 -1.14
"5196" 2008 46.880393 -62.890818 7.324386974 2484 60.3504 -1.19
"5197" 2008 46.907027 -62.801278 0.85436863 2789 60.3504 -1.19
"5198" 2008 46.712382 -63.410967 0 2600 40.2336 1.03
"5199" 2008 46.779878 -63.321707 0 2373 47.5488 0.05
"5200" 2008 46.699563 -63.09993 2.863685049 2677 31.0896 -0.41
"5201" 2008 46.762902 -63.03974 4.783846709 3463 60.3504 -1.18
"5202" 2008 46.7215 -62.8839 8.613938169 2528.5 56.6928 -0.88
"5203" 2008 46.782987 -62.7732 0 1709 58.5216 -1.09
"5204" 2008 46.570343 -63.195877 0 2349 40.2336 1.32
"5205" 2008 46.618303 -63.115832 0 2556 45.72 0.15
"5206" 2008 47.00197 -63.720203 0.983296846 2614 47.5488 0.97
"5207" 2008 47.10916 -63.711342 0.418372049 3058 54.864 0.65
"5208" 2008 47.146853 -63.508463 5.735112104 2793 58.5216 -0.64
"5209" 2008 47.111088 -63.458693 5.219470721 2617 60.3504 -0.64
"5210" 2008 47.0461 -63.277093 2.404836258 2899 60.3504 -1.06
"5211" 2008 47.007002 -63.176795 7.199781961 2902 62.1792 -1.04
"5212" 2008 46.969107 -63.525623 0 1599 47.5488 0.03
"5213" 2008 46.945958 -63.622903 0 2461 43.8912 0.2
"5214" 2008 46.940185 -63.355503 3.62887185 2938 58.5216 -1.04
"5215" 2008 47.210537 -63.209218 21.77525135 3022 64.008 -1.05
"5216" 2008 47.214043 -63.096912 11.84579134 2669.6 69.4944 -1.17
"5217" 2008 47.20783 -62.872622 1.350620529 2656 62.1792 -0.76
"5218" 2008 47.187623 -62.716345 1.456248291 2800 64.008 -1.04
"5219" 2008 47.179052 -62.57479 4.295962371 3102 67.6656 -1
"5220" 2008 47.16399 -63.044545 3.79836094 2961 64.008 -1.04
"5221" 2008 47.159643 -63.100078 3.232081296 3349 67.6656 -1.18
"5222" 2008 47.01769 -62.99515 0 1600 60.3504 -0.73
"5223" 2008 47.13349 -62.866738 1.090588278 2757.8 60.3504 -0.88
"5224" 2008 47.151555 -62.734047 3.119403535 2649 65.8368 -0.98
"5225" 2008 47.09217 -62.624165 10.20497063 3268 73.152 -1.02
"5226" 2008 46.980168 -62.984008 0.750749395 2399 60.3504 -1.01
"5227" 2008 46.971018 -62.80563 3.285071522 2968 64.008 -1.04
"5228" 2008 47.057477 -62.497298 11.97791366 2866 69.4944 -1.01
"5229" 2008 46.987683 -62.566133 0.653822266 2147 64.008 -0.88
"5230" 2008 46.935512 -62.53092 0.834836615 3121 65.8368 -0.87
"5231" 2008 46.806935 -62.546132 5.135034204 1805 62.1792 -0.88
"5232" 2008 46.781842 -62.57911 10.99630107 2270 64.008 -1.08
"5233" 2008 46.684778 -62.429483 1.31023105 2705 65.8368 -1.06
"5234" 2008 46.70135 -62.389855 9.31954167 2916 64.008 -1.05
"5235" 2008 46.791058 -62.237528 1.62007836 2568 64.008 -1.05
"5236" 2008 46.752752 -62.090872 8.459891629 2361 71.3232 -1.18
"5237" 2008 46.714782 -61.934163 5.84230124 1502 89.6112 -1.2
"5238" 2008 47.795545 -61.062553 1.065530223 2240 42.0624 -0.41
"5239" 2008 47.74049 -60.962255 0 2656 53.0352 -0.57
"5240" 2008 47.748342 -60.799033 0 2687 71.3232 -0.26
"5241" 2008 47.690872 -60.687653 0.503791509 2841 71.3232 -0.14
"5242" 2008 47.72522 -60.640473 0 2797 111.5568 1.28
"5243" 2008 47.697097 -60.637233 0 2639 80.4672 0.59
"5244" 2008 47.55491 -60.912673 0 2279 47.5488 0.13
"5245" 2008 47.649393 -60.898245 0 2949 47.5488 -0.29
"5246" 2008 47.592 -60.591723 0.590429525 2257 67.6656 0.39
"5247" 2008 47.59149 -60.504678 0 1928 129.8448 2.79
"5248" 2008 47.38701 -61.086733 0.446468407 2551.7 47.5488 0.05
"5249" 2008 47.446222 -61.081672 2.899829841 2441 42.0624 0.2
"5250" 2008 47.250693 -61.2476 0.666355211 2278 45.72 0.08
"5251" 2008 48.186333 -61.204 0 2379 387.7056 5.03
"5252" 2008 48.174512 -61.301025 0 2443 347.472 5.28
"5253" 2008 48.119602 -61.291675 0 2605 256.032 5.23
"5254" 2008 48.061342 -61.259827 0.883421312 3190 100.584 0.99
"5255" 2008 48.023857 -61.048898 0 2650 232.2576 5.18
"5256" 2008 48.121678 -61.045535 0 2346 369.4176 5.15
"5257" 2008 48.025238 -60.951325 0 2473 332.8416 5.33
"5258" 2008 48.0427 -60.993777 0 2642 327.3552 5.32
"5259" 2008 47.895565 -60.952355 1.292857122 2811 84.1248 -0.26
"5260" 2008 47.914722 -60.751182 0 2694.7 310.896 5.33
"5261" 2008 47.975022 -60.829993 0 2751 352.9584 5.3
"5262" 2008 48.186473 -61.619728 0 2468 212.1408 4.89
"5263" 2008 48.117358 -61.85325 1.597821919 2930 84.1248 0.05
"5264" 2008 48.046337 -61.842832 1.060465593 2765 67.6656 -0.73
"5265" 2008 48.07973 -61.691547 0.635065676 3071 85.9536 0.05
"5266" 2008 48.119453 -61.580612 0 3159 78.6384 0.82
"5267" 2008 48.145337 -61.64048 0 1995 109.728 1.89
"5268" 2008 48.05611 -61.497945 0 2701 67.6656 -0.69
"5269" 2008 48.066267 -61.422538 0.464175103 2203 76.8096 -0.77
"5270" 2008 47.995488 -61.624507 0 1769 58.5216 -0.46
"5271" 2008 47.93778 -61.44699 0.679949961 2959 58.5216 -0.73
"5272" 2008 47.951467 -61.27829 0 3199 62.1792 -0.73
"5273" 2008 47.992307 -61.150032 0.634549928 1750 85.9536 0.07
"5274" 2008 47.913485 -62.133688 0.397727636 2720 56.6928 -0.57
"5275" 2008 47.955215 -61.939908 1.20081826 2531 58.5216 -0.74
"5276" 2008 47.93065 -61.741612 1.193353335 2293 62.1792 -0.73
"5277" 2008 47.778275 -62.512793 2.076661543 3117 73.152 -0.73
"5278" 2008 47.701973 -62.525368 2.882938993 3517 76.8096 -0.99
"5279" 2008 47.794528 -62.437563 2.536431387 3099 74.9808 -0.73
"5280" 2008 47.775458 -62.308247 5.5104562 2745 65.8368 -0.88
"5281" 2008 47.805363 -62.066957 0.659980339 2872 53.0352 -0.9
"5282" 2008 47.740053 -62.166517 9.251814983 2720 56.6928 -0.88
"5283" 2008 47.72908 -61.978102 2.806249089 2432 43.8912 -0.7
"5284" 2008 47.832782 -61.675213 1.557182939 2281 51.2064 -0.63
"5285" 2008 47.75234 -61.818308 0 2213 40.2336 -0.57
"5286" 2008 46.941474 -62.358845 1.409800698 2680 62.1792 -0.45
"5287" 2008 46.898965 -62.027208 0.82227685 788 56.6928 -0.27
"5288" 2008 46.85175 -61.927855 2.458944775 3313 62.1792 -0.26
"5289" 2008 46.85467 -61.720215 9.15837036 2836 58.5216 -0.2
"5290" 2008 46.96553 -61.535263 4.523897476 2846 45.72 -0.41
"5291" 2008 46.840513 -61.665613 3.66267289 2935.5 71.3232 0.51
"5292" 2008 46.8049 -61.922658 7.39449825 2480.3 82.296 -0.08
"5293" 2008 46.73759 -61.736952 0.820391516 2545.1 76.8096 0.55
"5294" 2008 46.80025 -61.785643 5.171138102 2485.8 74.9808 0.51
"5295" 2008 47.186272 -62.492627 2.571034192 2835 58.5216 -1.01
"5296" 2008 47.201937 -62.319168 0 2635 49.3776 -0.97
"5297" 2008 47.213243 -62.177305 0 2461 38.4048 -0.1
"5298" 2008 47.106083 -62.200548 0 1369 49.3776 -0.88
"5299" 2008 47.069723 -62.057953 0 3131 45.72 -0.78
"5300" 2008 47.036892 -61.840067 0 3144 38.4048 0.2
"5301" 2008 46.971453 -62.275863 0.987928508 2479 58.5216 -0.53
"5302" 2008 48.342657 -62.354498 0.78894607 2419 241.4016 4.74
"5303" 2008 48.2892 -62.475118 0.398605095 3574 84.1248 -0.27
"5304" 2008 48.24907 -62.219572 0.585044721 2087 109.728 0.16
"5305" 2008 48.269078 -62.131573 0 2174 122.5296 0.97
"5306" 2008 48.231145 -61.961867 0 2559 142.6464 0.7
"5307" 2008 48.252653 -61.87835 0 1877 259.6896 5.03
"5308" 2008 48.287588 -61.782262 0 2381 347.472 5.33
"5309" 2008 48.056572 -62.036008 0.591739968 2910 64.008 -0.53
"5310" 2008 48.15031 -62.148585 3.91432428 3852 95.0976 0.36
"5311" 2008 48.538775 -63.360035 3.49513326 2121 137.16 2.27
"5312" 2008 48.527247 -63.267697 0 2582 129.8448 2.71
"5313" 2008 48.524252 -63.113698 0.664580249 2195 215.7984 4.44
"5314" 2008 48.551438 -63.099515 0 2554 243.2304 4.52
"5315" 2008 48.480205 -63.09828 0 2288 85.9536 -0.43
"5316" 2008 48.370752 -62.916507 4.852416668 2806 87.7824 -0.54
"5317" 2008 48.48459 -62.762888 0 2476 356.616 5.32
"5318" 2008 48.380517 -62.570718 0 3113 239.5728 4.6
"5319" 2008 48.439493 -62.49147 0 2375 374.904 5.26
"5320" 2008 48.403422 -63.538913 1.335315925 3105 109.728 0.81
"5321" 2008 48.411318 -63.457828 2.189533774 3356 111.5568 0.83
"5322" 2008 48.360213 -63.353007 0.541458233 2692 84.1248 -0.26
"5323" 2008 48.358737 -63.264322 0.462924589 2732 65.8368 -0.43
"5324" 2008 48.270242 -63.352172 1.898858463 3057 85.9536 -0.41
"5325" 2008 48.294423 -63.272255 2.195584935 2508 71.3232 -0.49
"5326" 2008 48.248927 -63.15795 0.628041646 3013 53.0352 -0.26
"5327" 2008 48.282972 -63.072063 1.07351416 2292 65.8368 -0.39
"5328" 2008 48.247735 -62.897728 0 2856 74.9808 -0.57
"5329" 2008 48.2401 -62.723853 1.984876785 3029 89.6112 -0.41
"5330" 2008 48.244087 -62.586243 3.884821124 2948 93.2688 0.09
"5331" 2008 48.062205 -62.629473 3.286506782 2906.5 87.7824 -0.57
"5332" 2008 48.129002 -63.182822 0.496914333 2834.2 69.4944 -0.41
"5333" 2008 48.140052 -63.14786 1.963506805 3029 71.3232 -0.42
"5334" 2008 48.11311 -63.120023 1.001104758 1973 69.4944 -0.55
"5335" 2008 48.077725 -62.933772 3.003403553 2546 67.6656 -0.57
"5336" 2008 48.059792 -62.774075 0.933310331 2756 84.1248 -0.57
"5337" 2008 48.03722 -62.746313 2.895393597 3350 87.7824 -0.4
"5338" 2008 48.022342 -62.552382 0.859438237 2695 64.008 -0.73
"5339" 2008 48.044018 -62.379708 2.833798429 2712 80.4672 -0.15
"5340" 2008 48.08159 -62.30231 2.34027008 3089 95.0976 0.05
"5341" 2008 48.050295 -62.328672 2.314949344 2705 91.44 -0.1
"5342" 2008 47.963598 -62.73231 3.747049144 4265 84.1248 -0.73
"5343" 2008 47.849158 -62.539877 2.23598347 2909 74.9808 -0.74
"5344" 2008 47.999053 -62.381077 1.214679139 2914 76.8096 -0.61
"5345" 2008 47.890958 -62.421212 2.097388955 2935 80.4672 -0.6
"5346" 2008 47.978813 -62.30857 2.820451239 3132 80.4672 -0.35
"5347" 2008 47.86027 -63.780477 0.943285316 3364 80.4672 0.09
"5348" 2008 47.908193 -63.5962 0 2854 64.008 -0.27
"5349" 2008 47.867005 -62.704507 9.141797649 3410 76.8096 -0.69
"5350" 2008 47.764323 -63.54708 1.802785883 3310 80.4672 -0.57
"5351" 2008 47.80051 -63.424123 2.546182205 3129 80.4672 -0.64
"5352" 2008 47.81478 -63.37623 1.358471274 3039 76.8096 -0.66
"5353" 2008 47.830145 -63.239088 7.099860276 3692 80.4672 -0.73
"5354" 2008 47.788727 -63.303645 3.791691492 3152.2 85.9536 -0.57
"5355" 2008 47.78315 -63.020805 0 3375 74.9808 -0.74
"5356" 2008 47.758463 -63.095752 3.263735053 3669 76.8096 -0.85
"5357" 2008 47.819378 -62.950373 0.832303401 3142 74.9808 -0.81
"5358" 2008 47.734965 -62.690718 1.220167465 2523 65.8368 -0.88
"5359" 2008 47.810937 -62.815142 4.528528935 2618 69.4944 -0.87
"5360" 2008 48.119033 -63.891053 0.49851815 2965.6 76.8096 0.05
"5361" 2008 48.040223 -63.737782 4.474624508 3212.8 104.2416 0.05
"5362" 2008 48.049855 -63.42414 3.18207476 3256 85.9536 -0.41
"5363" 2008 48.072223 -63.307553 7.854973325 3676 89.6112 -0.57
"5364" 2008 47.957867 -63.562288 2.412848066 3466 73.152 -0.26
"5365" 2008 47.876495 -63.377908 4.299513697 3047 84.1248 -0.45
"5366" 2008 47.874752 -63.269628 1.766402905 3276.2 84.1248 -0.57
"5367" 2008 47.864393 -63.032337 2.041972543 2887 71.3232 -0.64
"5368" 2008 47.972113 -63.049007 0 2992 62.1792 -0.5
"5369" 2008 47.913105 -62.893075 0.61785769 2897 71.3232 -0.73
"5370" 2008 48.35802 -64.39658 0.529508516 3308 78.6384 0.36
"5371" 2008 48.424393 -64.23368 5.329120315 3113 69.4944 1.58
"5372" 2008 48.456922 -64.130357 0.377784321 3108 71.3232 0.51
"5373" 2008 48.279378 -64.394283 5.08738626 2164 113.3856 -0.08
"5374" 2008 48.304432 -64.210047 6.026398203 2406 109.728 -0.26
"5375" 2008 48.227293 -64.165827 0.776383204 3382 69.4944 0.88
"5376" 2008 48.028177 -64.858473 5.925313065 2034 89.6112 0.04
"5377" 2008 48.040167 -64.740822 2.879317293 2183.4 82.296 0.65
"5378" 2008 48.15215 -64.405485 2.405290547 2288 58.5216 2.7
"5379" 2008 47.94602 -65.030773 8.178269529 1994 80.4672 0.2
"5380" 2008 47.938782 -64.913855 4.915988451 2362 71.3232 0.97
"5381" 2008 48.878298 -64.165608 0 3567 58.5216 2.03
"5382" 2008 48.772495 -64.29807 15.99379162 2845 69.4944 0.6
"5383" 2008 48.6876519 -63.937955 10.17742006 2173 129.8448 0.64
"5384" 2008 48.533343 -64.004265 2.242178863 2285 120.7008 0.74
"5385" 2008 48.576797 -64.103448 4.899863759 2128 98.7552 0.21
"5386" 2008 48.57589 -63.875315 10.04013079 1784 157.2768 1.89
"5387" 2008 48.582568 -63.760427 6.9081046 2038 146.304 1.7
"5388" 2008 48.609582 -63.793273 5.922887222 1949 140.8176 1.73
"5389" 2008 48.438938 -63.972652 2.44760561 2306 115.2144 0.36
"5390" 2008 48.791353 -64.040062 0 1940 104.2416 -0.23
"5391" 2008 48.772312 -63.896203 0 3367 162.7632 0.57
"5392" 2008 48.745132 -63.789308 3.321401337 2374 166.4208 0.21
"5393" 2008 48.707737 -63.557637 0 2806 159.1056 1.89
"5394" 2008 48.721808 -63.469163 0 2479 168.2496 2.92
"5395" 2008 48.545265 -63.561972 0.566539454 2681 129.8448 1.59
"5396" 2008 48.397402 -63.79084 3.250905048 2508 118.872 0.97
"5397" 2008 48.465672 -63.581223 2.361214152 2588 131.6736 1.56
"5398" 2008 48.276715 -63.796362 0.46528859 3480 82.296 -0.1
"5399" 2008 48.273983 -63.617568 0.404277226 3722 95.0976 -0.1
"5400" 2008 48.246533 -63.64555 1.667840507 3062 98.7552 0.04
"5401" 2008 48.228555 -63.468085 6.204891656 3498 113.3856 0.05
"5402" 2008 48.081045 -63.689497 4.950879458 2396 106.0704 -0.1
"5403" 2008 48.145755 -63.543622 3.089361036 3662 93.2688 0.05
"5404" 2008 48.187488 -64.730438 3.687559342 2269 96.9264 -0.05
"5405" 2008 48.252493 -64.564002 5.583744649 2263 98.7552 -0.1
"5406" 2008 48.20697 -64.634125 6.484698183 2006 93.2688 -0.06
"5407" 2008 48.225087 -64.424227 3.822743797 2264 102.4128 0.05
"5408" 2008 48.302095 -64.02138 0.451909015 1743 82.296 0.36
"5409" 2008 48.215182 -63.891057 1.862057563 3581 84.1248 -0.1
"5410" 2008 48.150388 -64.779267 3.11333347 1812 91.44 0.05
"5411" 2008 48.131367 -64.632248 6.805173281 1917 87.7824 -0.1
"5412" 2008 48.159473 -63.845155 0.690268409 3648 76.8096 0.05
"5413" 2008 48.125258 -64.913377 0 2889 53.0352 2.13
"5414" 2008 47.954557 -65.631037 0 2925 36.576 8.74
"5415" 2008 47.904653 -65.347428 9.521609811 1948 65.8368 0.59
"5416" 2008 47.99222 -65.181717 2.141055008 2923 64.008 0.66
"5417" 2008 47.908328 -65.288423 4.414351252 2147 69.4944 0.36
"5418" 2008 47.805533 -65.327703 0 2856 40.2336 8.15
"5419" 2008 47.868163 -64.252017 0 2344 38.4048 11.97
"5420" 2008 47.916838 -64.051598 2.422125146 1863 80.4672 0.05
"5421" 2008 47.95469 -63.924932 1.567639851 2839 87.7824 0.05
"5422" 2008 47.846188 -63.975408 0 2659 73.152 0.2
"5423" 2008 47.939172 -63.830523 0.447417294 2927.4 89.6112 -0.1
"5424" 2008 47.822608 -64.264093 0 2496 40.2336 9
"5425" 2008 47.736057 -64.18792 1.393294338 3146 65.8368 0.2
"5426" 2008 47.73744 -64.074168 6.854240355 2166 80.4672 0.06
"5427" 2008 47.7564 -63.9275 7.33159606 2528.5 80.4672 0.05
"5428" 2008 47.712583 -63.801392 0 2875 64.008 0.5
"5429" 2008 47.648018 -63.721675 6.080971834 3193 73.152 0.36
"5430" 2008 47.642073 -63.641127 0.791240558 3130 73.152 0.05
"5431" 2008 47.569602 -64.375762 0 2468 47.5488 3.68
"5432" 2008 47.54264 -64.22744 9.156063738 1914 62.1792 0.52
"5433" 2008 47.61068 -64.066858 23.27311312 2208 74.9808 0.07
"5434" 2008 47.577212 -63.837562 0.810166222 3152 64.008 1.58
"5435" 2008 47.612552 -63.705033 2.51155093 2297 74.9808 0.08
"5436" 2008 47.362213 -64.419898 0 2175 43.8912 5.78
"5437" 2008 47.486692 -64.236442 10.179807 2073 60.3504 0.82
"5438" 2008 47.188328 -64.416173 0 2452 40.2336 6.07
"5439" 2008 47.039818 -64.372285 0 2507 38.4048 9.04
"5440" 2008 47.471567 -64.143528 0 3289 54.864 0.36
"5441" 2008 47.484988 -64.013613 0 2201 40.2336 12.12
"5442" 2008 47.365778 -63.986468 0 2905 40.2336 12.12
"5443" 2008 47.452565 -63.911347 0.880830295 2540 56.6928 1.79
"5444" 2008 47.465898 -63.806528 2.943751398 3091 65.8368 0.29
"5445" 2008 47.28839 -64.230767 0 2272 47.5488 6.66
"5446" 2008 47.295212 -63.604262 5.497930463 3567 69.4944 -0.41
"5447" 2008 47.321232 -63.471978 6.309548139 2556 64.008 -0.28
"5448" 2008 47.12229 -64.2415 0 2601.8 42.0624 8.29
"5449" 2008 47.202238 -64.134362 0 2031 38.4048 9.17
"5450" 2008 47.614745 -62.849462 8.885703386 2552 60.3504 -0.74
"5451" 2008 47.518517 -62.79349 1.927796385 2586 54.864 -0.57
"5452" 2008 47.647693 -62.7022 2.474618995 2981 64.008 -0.87
"5453" 2008 47.650277 -62.53567 3.252485303 3582 76.8096 -0.75
"5454" 2008 47.58257 -62.49196 6.211434613 2854.5 74.9808 -0.8
"5455" 2008 46.571372 -61.778663 0 2707 54.864 -0.1
"5456" 2008 46.474423 -61.726057 0.490678394 2477 43.8912 2.2
"5457" 2008 46.302675 -62.138385 0 2068 38.4048 6.22
"5458" 2008 46.287478 -62.088908 0 1978 38.4048 5.78
"5459" 2008 46.19302 -61.976457 0 2102 43.8912 4.75
"5460" 2008 46.342198 -61.908957 0 2252 36.576 5.75
"5461" 2008 46.200398 -61.716813 2.692578327 1960 54.864 1.4
"5462" 2008 46.17727 -61.736423 0.621409253 2158 54.864 1.58
"5463" 2008 46.318285 -61.539237 3.364421457 2033 64.008 0.82
"5464" 2008 46.298875 -61.565128 2.315728179 1587 62.1792 0.82
"5465" 2008 46.142688 -62.023555 0 1966 45.72 5.63
"5466" 2008 46.123723 -61.968858 0 2077.3 40.2336 6.22
"5467" 2008 46.127183 -61.700245 0.458910676 2028 54.864 2.04
"5468" 2008 46.06556 -61.747802 0 1887 51.2064 2.94
"5469" 2008 46.136427 -61.556342 2.081812745 2076 47.5488 1.77
"5470" 2008 46.12884 -61.588423 4.230993888 1833 49.3776 1.91
"5471" 2008 45.901658 -62.037705 0 1912 38.4048 3.63
"5472" 2008 45.906062 -61.882915 0 2374 36.576 3.62
"5473" 2008 46.526403 -61.527393 6.331045849 2579.4 60.3504 0.41
"5474" 2008 46.46131 -61.53214 5.637273681 2960 60.3504 0.5
"5475" 2008 46.3786 -61.359275 3.77778329 1906 56.6928 1.26
"5476" 2008 46.489062 -61.303032 3.971590147 2519 65.8368 0.82
"5477" 2008 47.697527 -62.392352 0.61785769 2514 60.3504 -0.73
"5478" 2008 47.644815 -62.177047 2.101993102 2300 51.2064 -0.57
"5479" 2008 47.532742 -62.15487 1.67854651 2221 47.5488 -0.1
"5480" 2008 47.502263 -62.143963 3.14350852 2236 42.0624 0.36
"5481" 2008 47.364403 -62.877912 0.453002497 2259 49.3776 -0.27
"5482" 2008 47.441222 -62.678395 1.925652344 2591 64.008 -0.81
"5483" 2008 47.451167 -62.604408 1.586515796 2495 69.4944 -0.88
"5484" 2008 47.420858 -62.597397 1.315887699 3064 71.3232 -0.88
"5485" 2008 47.418282 -62.4904 0.594531196 2562 67.6656 -0.82
"5486" 2008 47.446313 -62.287217 0.675636786 2122 54.864 -0.64
"5487" 2008 47.26852 -62.703313 1.176696575 2928 65.8368 -0.69
"5488" 2008 47.544868 -63.553223 1.976848969 3482 73.152 -0.49
"5489" 2008 47.654485 -63.442965 7.092977037 2353 85.9536 -0.57
"5490" 2008 47.632793 -63.289867 6.92088619 3021 85.9536 -0.53
"5491" 2008 47.555738 -63.140855 1.737183203 2847 64.008 -0.23
"5492" 2008 47.374415 -63.700643 1.752079872 3146 65.8368 -0.42
"5493" 2008 47.454923 -63.628832 1.738207738 3180 64.008 -0.41
"5494" 2008 47.374563 -63.608223 1.674507666 3150.4 67.6656 -0.41
"5495" 2008 47.45537 -63.378832 3.656811608 4000 78.6384 -0.52
"5496" 2008 47.3705 -63.4745 3.160058494 2528.5 74.9808 -0.41
"5497" 2008 47.488878 -63.303892 16.22071107 3115.8 80.4672 -0.57
"5498" 2008 47.428262 -63.155047 6.197470918 2915.3 69.4944 -0.73
"5499" 2008 47.315573 -63.742408 0 3149 62.1792 -0.26
"5500" 2008 46.87467 -61.380567 4.354320125 3411 62.1792 0.05
"5501" 2008 46.952423 -61.362908 2.589772316 2748 51.2064 0.27
"5502" 2008 46.96459 -61.288917 3.069515334 3278 54.864 0.34
"5503" 2008 46.904362 -61.23442 4.155225507 3271 62.1792 0.07
"5504" 2008 46.7776 -61.5924 1.033420268 2528.5 67.6656 0.2
"5505" 2008 46.717582 -61.498322 4.818127245 2921 64.008 0.36
"5506" 2008 46.701858 -61.368557 0.700508593 3439 71.3232 0.67
"5507" 2008 46.807685 -61.31207 3.706668739 3195 64.008 0.36
"5508" 2008 46.800518 -61.129875 0.512664172 3883 80.4672 0.2
"5509" 2008 46.593415 -61.375963 3.663413113 3245 62.1792 1.08
"5510" 2008 46.588517 -61.172152 2.602941256 3059 78.6384 1.43
"5511" 2008 47.551457 -60.761953 0.516840719 2509 53.0352 0.6
"5512" 2008 47.548773 -60.73354 0.725993196 2445 54.864 0.45
"5513" 2008 47.411853 -60.850647 2.557286962 2414 58.5216 1.3
"5514" 2008 47.355102 -60.722693 0.818410895 2473 64.008 0.97
"5515" 2008 47.44044 -60.559887 3.199929728 2578 84.1248 0.82
"5516" 2008 47.38089 -60.414718 0 2640 82.296 0.97
"5517" 2008 47.439327 -60.313462 0 3574 164.592 2.64
"5518" 2008 47.310275 -61.091753 1.641240959 2812 51.2064 1.57
"5519" 2008 47.26904 -60.854753 4.365408562 3470 85.9536 0.82
"5520" 2008 47.139093 -61.268353 1.361306822 2396 47.5488 1.73
"5521" 2008 47.203185 -60.887017 0.531792525 2558.3 71.3232 0.93
"5522" 2008 47.200667 -60.713478 1.872750618 2858 104.2416 1.01
"5523" 2008 47.30609 -60.524973 0 3086 74.9808 0.67
"5524" 2008 47.205882 -60.538068 0 2741 164.592 4.74
"5525" 2008 47.23093 -60.359662 0 3074 195.6816 5.03
"5526" 2008 47.141242 -60.57059 0.769393503 1374 173.736 3.99
"5527" 2008 47.132705 -60.37552 3.295650165 2126 173.736 3.87
"5528" 2008 47.068507 -60.490808 0.490534006 2121 122.5296 1.95
"5529" 2008 47.137627 -60.328225 1.225146173 2187 181.0512 3.94
"5530" 2008 47.052427 -61.020438 3.665184535 2017 89.6112 0.82
"5531" 2008 47.06747 -60.924275 0 2401 107.8992 2.49
"5532" 2008 47.06769 -60.853725 4.612156667 2305 124.3584 3.03
"5533" 2008 47.036512 -60.803087 1.621005811 2215 138.9888 3.24
"5534" 2008 47.065837 -60.699407 0.776465097 2618 162.7632 3.54
"5535" 2008 46.98408 -61.10729 3.860161118 2964 62.1792 0.97
"5536" 2008 46.891363 -61.019275 3.418898595 2789.1 102.4128 0.99
"5537" 2008 46.84806 -60.939017 4.666014064 2789.1 124.3584 1.55
"5538" 2008 46.952408 -60.882605 7.114953772 2689.4 135.3312 2.79
"5539" 2008 46.986415 -60.731362 1.719957662 2362 144.4752 3.03
"5540" 2008 46.797672 -60.957887 1.8301729 2767.2 115.2144 1.28
"5541" 2009 47.794682 -61.062 2.509089787 2496 42.0624 1.28
"5542" 2009 47.73922 -60.961928 2.676373784 2521 53.0352 0.95
"5543" 2009 47.690563 -60.688663 0 3270 71.3232 0.97
"5544" 2009 47.747242 -60.79805 1.169488694 3096 69.4944 1.09
"5545" 2009 47.696458 -60.63627 0 3223 80.4672 1.13
"5546" 2009 47.725348 -60.640877 0 3013.8 111.5568 NA
"5547" 2009 47.554538 -60.91166 0 2479 47.5488 1.15
"5548" 2009 47.649138 -60.89881 0 2670 47.5488 1.21
"5549" 2009 47.552495 -60.761853 1.272086069 2819 53.0352 1.06
"5550" 2009 47.550082 -60.731385 6.030052409 2784 54.864 1.08
"5551" 2009 47.590808 -60.591238 0 2773 67.6656 1.17
"5552" 2009 47.590033 -60.504057 0 2839 133.5024 1.6
"5553" 2009 48.187372 -61.207357 0 3165.1 387.7056 5.3
"5554" 2009 48.175622 -61.30192 0 3291 347.472 5.3
"5555" 2009 48.119385 -61.292455 0 3056.5 256.032 5.01
"5556" 2009 48.061188 -61.260967 1.485210323 3146 100.584 0.47
"5557" 2009 48.023265 -61.048318 0 3000 232.2576 4.37
"5558" 2009 48.121733 -61.051395 0 4215 369.4176 5.3
"5559" 2009 48.02545 -60.951208 0 3351.3 332.8416 5.3
"5560" 2009 48.042023 -60.9918 0 4089 329.184 5.31
"5561" 2009 47.894807 -60.951415 1.138274241 3060 82.296 0.94
"5562" 2009 47.914635 -60.751975 0 4143 309.0672 5.3
"5563" 2009 47.973703 -60.827975 0 3791 351.1296 5.3
"5564" 2009 48.188617 -61.620932 0 2838.4 217.6272 2.51
"5565" 2009 48.119288 -61.58129 0 3657 78.6384 0.45
"5566" 2009 48.145765 -61.64064 0 1912 109.728 0.57
"5567" 2009 48.057475 -61.498527 0 3433 67.6656 0.76
"5568" 2009 48.066925 -61.42293 0.3612217 1247 76.8096 0.75
"5569" 2009 47.996828 -61.624353 0 3470 58.5216 0.62
"5570" 2009 47.937917 -61.447448 0.951715242 3003 58.5216 0.71
"5571" 2009 47.951395 -61.278555 0 3231 62.1792 0.8
"5572" 2009 47.99268 -61.15097 0 2342 85.9536 0.75
"5573" 2009 48.05775 -62.038088 0 3365 64.008 0.04
"5574" 2009 48.117175 -61.85198 2.941173176 3211 84.1248 0.5
"5575" 2009 48.047562 -61.844315 0 3011 65.8368 0.5
"5576" 2009 48.080203 -61.689278 0 2847.9 85.9536 0.45
"5577" 2009 47.955978 -61.941645 2.389151736 2700 58.5216 0.35
"5578" 2009 47.931545 -61.741408 1.073161098 2900.9 60.3504 0.55
"5579" 2009 47.729668 -61.97881 0.96959063 2620 43.8912 1.19
"5580" 2009 47.832632 -61.674805 0 2958.3 49.3776 0.79
"5581" 2009 47.752538 -61.818333 0 2893.8 40.2336 1.5
"5582" 2009 47.778833 -62.512188 0.392242114 3100.2 73.152 0.74
"5583" 2009 47.702643 -62.52555 0 3537 76.8096 0.63
"5584" 2009 47.795207 -62.43634 1.51486136 3013 74.9808 0.54
"5585" 2009 47.697267 -62.393127 0 2849 60.3504 0.27
"5586" 2009 47.739675 -62.167192 2.689021903 2845.5 56.6928 0.87
"5587" 2009 47.775567 -62.309418 2.477428352 2440 65.8368 0.87
"5588" 2009 47.805162 -62.068278 0.475532848 2828.3 53.0352 0.66
"5589" 2009 47.645203 -62.176743 1.143972876 2589 51.2064 0.79
"5590" 2009 47.50148333 -62.14536667 1.237301603 2420.9 42.0624 0.69
"5591" 2009 47.532605 -62.154952 0.730332261 2725 47.5488 0.55
"5592" 2009 47.42083 -62.598015 0.401245336 3459 71.3232 0.14
"5593" 2009 47.450938 -62.604612 1.879479223 3216 69.4944 0.17
"5594" 2009 47.418112 -62.49105 1.03075761 3002 67.6656 0.11
"5595" 2009 47.445912 -62.288053 1.825016982 2445 54.864 0.69
"5596" 2009 47.179477 -62.574337 3.887080669 3030.4 69.4944 0.53
"5597" 2009 47.184577 -62.491573 1.476806478 2883.1 60.3504 0.42
"5598" 2009 47.201768 -62.31953 0 2462 51.2064 0.01
"5599" 2009 47.21411 -62.17864 0 1974 38.4048 1.87
"5600" 2009 47.096755 -62.220003 0 2276 49.3776 0.03
"5601" 2009 46.57061 -63.194425 0 2632.6 40.2336 0.5
"5602" 2009 46.618073 -63.116122 0 2475 45.72 NA
"5603" 2009 46.516702 -62.954827 0 2416 36.576 1
"5604" 2009 46.603502 -62.686237 0 2483 45.72 NA
"5605" 2009 46.564203 -62.580228 0 1776 45.72 0.76
"5606" 2009 46.638458 -62.446328 0 3037 54.864 0.4
"5607" 2009 46.561935 -62.23246 0 1969 43.8912 0.5
"5608" 2009 46.557705 -62.303618 0 2477 43.8912 NA
"5609" 2009 46.626868 -61.869727 0.386316595 3270.6 56.6928 0.2
"5610" 2009 46.639785 -61.951033 0 2997 56.6928 NA
"5611" 2009 46.889353 -63.27056 1.751461011 3173 56.6928 NA
"5612" 2009 46.866437 -63.074658 5.476667735 2562 60.3504 -0.02
"5613" 2009 46.881258 -62.892325 4.086347313 2662 60.3504 -0.09
"5614" 2009 46.907807 -62.802068 4.187472778 2614 60.3504 0.06
"5615" 2009 46.712297 -63.411863 0 2768.9 40.2336 0.93
"5616" 2009 46.779543 -63.3227 0 2226 45.72 0.61
"5617" 2009 46.699262 -63.100773 0.635753782 2455 49.3776 NA
"5618" 2009 46.76292 -63.040917 5.263429541 3279 58.5216 -0.3
"5619" 2009 46.721395 -62.883122 1.734610443 2930 56.6928 -0.3
"5620" 2009 46.783622 -62.773398 0 2327 58.5216 -0.14
"5621" 2009 47.002527 -63.72074 0.729387496 2421 47.5488 1.29
"5622" 2009 47.110125 -63.713055 0.379844588 3209.1 54.864 0.63
"5623" 2009 47.146945 -63.508323 1.288296849 2907 56.6928 0.14
"5624" 2009 47.110778 -63.459187 2.585148659 2941 60.3504 0.13
"5625" 2009 47.0457 -63.277503 1.865468181 3023 60.3504 -0.32
"5626" 2009 47.008315 -63.178757 2.871784443 2722 62.1792 -0.11
"5627" 2009 47.020013 -62.996282 0.425149371 3464 58.5216 0.21
"5628" 2009 46.969237 -63.524115 0.493862212 2983 47.5488 0.54
"5629" 2009 46.94663 -63.62399 0 2817 43.8912 1.08
"5630" 2009 46.939898 -63.357692 1.041496815 2997 56.6928 6.6
"5631" 2009 46.982103 -62.984663 2.152177609 2703 58.5216 0.24
"5632" 2009 46.972295 -62.80611 7.102344232 3118 64.008 0.25
"5633" 2009 47.210083 -63.208857 5.169791799 3234 62.1792 -0.19
"5634" 2009 47.214077 -63.096033 5.276400212 3668 69.4944 -0.45
"5635" 2009 47.208732 -62.871342 4.933492655 2218 60.3504 0.13
"5636" 2009 47.18762 -62.716568 0.880326986 2827 62.1792 0.32
"5637" 2009 47.165783 -63.042518 2.569117803 2961.1 64.008 -0.22
"5638" 2009 47.15949 -63.099695 3.982782629 3077 67.6656 -0.35
"5639" 2009 47.133633 -62.864752 0.506589839 3048 58.5216 -0.06
"5640" 2009 47.151205 -62.73197 3.290376632 2861 64.008 0.44
"5641" 2009 47.093082 -62.624632 5.790878701 3606 73.152 0.28
"5642" 2009 47.057838 -62.4941 0 3829 69.4944 0.32
"5643" 2009 46.987655 -62.565955 0.479928961 3067 64.008 0.38
"5644" 2009 46.935018 -62.530868 1.636315398 2590 65.8368 0.21
"5645" 2009 46.807288 -62.54787 10.4589057 2849 64.008 0.17
"5646" 2009 46.78195 -62.58029 0.7843739 2924 64.008 0.31
"5647" 2009 46.941153 -62.359452 0.658216899 2448 60.3504 0.38
"5648" 2009 46.971282 -62.276022 0.581149457 1644 56.6928 0.55
"5649" 2009 46.685153 -62.429145 0.575178727 3010 65.8368 0.36
"5650" 2009 46.70132 -62.389087 2.493739934 2904 64.008 0.28
"5651" 2009 46.791488 -62.237018 0.483065424 3039 64.008 0.72
"5652" 2009 46.84012 -61.666835 1.491747481 3874 71.3232 NA
"5653" 2009 46.854173 -61.720315 4.577397503 3311 58.5216 0.06
"5654" 2009 46.753053 -62.091783 10.82955241 2952 69.4944 0.51
"5655" 2009 46.71457 -61.93365 20.19290672 4669 89.6112 0.07
"5656" 2009 46.802662 -61.921752 2.059758556 4049 82.296 -0.05
"5657" 2009 46.800458 -61.78426 2.517394638 3281.9 74.9808 0.06
"5658" 2009 46.735603 -61.735847 2.035282888 3897 76.8096 0.38
"5659" 2009 46.776935 -61.592122 0.743899683 2987 67.6656 0.09
"5660" 2009 47.070033 -62.057628 0 2781 45.72 1.03
"5661" 2009 47.03713 -61.840003 0 2791.4 38.4048 2.27
"5662" 2009 46.898427 -62.027103 0 1925 56.6928 0.28
"5663" 2009 46.849868 -61.925963 2.941987446 2995 60.3504 -0.18
"5664" 2009 48.249022 -62.220327 0.652420192 3108 109.728 1.3
"5665" 2009 48.267768 -62.1323 0 2584 122.5296 1.3
"5666" 2009 48.250048 -61.870627 0 2835 261.5184 4.96
"5667" 2009 48.23145 -61.961272 0 2317 142.6464 1.14
"5668" 2009 48.286807 -61.782907 0 2866.3 343.8144 5.2
"5669" 2009 48.04452 -62.379707 1.030787485 3014 80.4672 0.17
"5670" 2009 48.051017 -62.329053 1.924365368 2771 91.44 0.29
"5671" 2009 48.082247 -62.301657 0.98166484 2818 98.7552 0.31
"5672" 2009 48.150798 -62.148227 0.495168705 2663 95.0976 0.31
"5673" 2009 47.999237 -62.380772 0.7662935 3109 76.8096 0.18
"5674" 2009 47.979013 -62.309578 1.130124909 3024.8 82.296 0.32
"5675" 2009 47.91377 -62.134158 4.51947396 3015 56.6928 0.24
"5676" 2009 48.372928 -62.917767 1.287528304 2575 85.9536 0.28
"5677" 2009 48.48499 -62.76319 0 2687.8 358.4448 5.21
"5678" 2009 48.379953 -62.568157 0 2984 239.5728 4.89
"5679" 2009 48.343993 -62.35432 0 2766 245.0592 5.04
"5680" 2009 48.43836667 -62.49456667 0 2500 374.904 NA
"5681" 2009 48.247098 -62.895883 0 3083 74.9808 0.28
"5682" 2009 48.239142 -62.723647 0.523299473 3112 89.6112 0.04
"5683" 2009 48.242517 -62.58706 0.959501091 3026.2 93.2688 0.11
"5684" 2009 48.288238 -62.477417 0 2963.8 84.1248 0.07
"5685" 2009 48.745857 -63.790572 2.892740964 2302 166.4208 3.4
"5686" 2009 48.706685 -63.557117 0 1595 159.1056 2.89
"5687" 2009 48.721323 -63.469083 0 2476 168.2496 3.17
"5688" 2009 48.538003 -63.36028 3.466373747 1482 138.9888 1.99
"5689" 2009 48.526015 -63.268683 0 1605 129.8448 3.03
"5690" 2009 48.52526 -63.115828 0 2554 213.9696 4.88
"5691" 2009 48.551857 -63.100867 0.845570616 2645.7 243.2304 5.18
"5692" 2009 48.480102 -63.09895 0 2708 85.9536 0.61
"5693" 2009 48.545552 -63.562852 0.87370035 2373 128.016 0.7
"5694" 2009 48.398273 -63.789848 0.873493573 1315 118.872 1.62
"5695" 2009 48.46561 -63.580907 2.997931979 2498 131.6736 1.11
"5696" 2009 48.40247 -63.539522 1.772938528 2855 107.8992 1.11
"5697" 2009 48.410017 -63.458105 0 3640 109.728 1.44
"5698" 2009 48.360215 -63.353025 0.921080854 2431 85.9536 0.82
"5699" 2009 48.358087 -63.263813 0 3816 65.8368 1.14
"5700" 2009 48.2768 -63.795033 0 3612 82.296 0.8
"5701" 2009 48.246162 -63.645752 0 3048 96.9264 0.89
"5702" 2009 48.274102 -63.617313 0 2872 93.2688 0.79
"5703" 2009 48.269352 -63.353002 0 3084.5 85.9536 0.56
"5704" 2009 48.230813 -63.468978 2.193792871 3577 113.3856 1.12
"5705" 2009 48.293997 -63.272988 1.359631751 2720 71.3232 0.9
"5706" 2009 48.304605 -64.021907 0 1470 82.296 1.18
"5707" 2009 48.216252 -63.891742 0 2922 84.1248 0.88
"5708" 2009 48.280973 -63.070472 1.135364834 2926 65.8368 1.3
"5709" 2009 48.247827 -63.158637 0.390012884 2565 53.0352 1.82
"5710" 2009 48.119883 -63.893885 0.43732147 3958 76.8096 1
"5711" 2009 48.160418 -63.847068 0.911922979 3907 76.8096 1.12
"5712" 2009 48.039405 -63.739835 1.125472353 2936 102.4128 0.74
"5713" 2009 48.081958 -63.6917 0.627359204 2331 106.0704 0.81
"5714" 2009 48.145832 -63.546037 2.482454061 2775 93.2688 0.81
"5715" 2009 48.048603 -63.425852 2.26203966 3316.9 84.1248 0.57
"5716" 2009 48.126615 -63.185023 0 3594 67.6656 0.63
"5717" 2009 48.069687 -63.30827 2.265820467 3211.9 89.6112 0.42
"5718" 2009 48.138435 -63.148575 0 3203 71.3232 0.61
"5719" 2009 48.111435 -63.118383 0.833672887 2860.1 69.4944 0.59
"5720" 2009 48.878123 -64.165943 0 3115 60.3504 1.24
"5721" 2009 48.792315 -64.041117 0 1608 106.0704 0.97
"5722" 2009 48.686825 -63.939493 8.710159086 2403 129.8448 2.49
"5723" 2009 48.772837 -63.898025 0 1574 162.7632 3.1
"5724" 2009 48.53304 -64.006585 3.885720439 2500 120.7008 1.84
"5725" 2009 48.57674 -63.875122 2.932493171 2544 157.2768 3.1
"5726" 2009 48.584885 -63.756805 0.665999962 2114 146.304 2.94
"5727" 2009 48.60856 -63.792657 4.466612905 1952 140.8176 2.58
"5728" 2009 48.439568 -63.97081 1.292939703 2331 115.2144 1.39
"5729" 2009 48.772412 -64.299155 3.714412741 2732 67.6656 10.33
"5730" 2009 48.575057 -64.102858 1.816388763 2745 98.7552 1.18
"5731" 2009 48.356758 -64.396777 0.441206691 3497 78.6384 2.28
"5732" 2009 48.422917 -64.2314 1.267703033 3113 69.4944 1.99
"5733" 2009 48.455572 -64.129013 0 2283 69.4944 5.08
"5734" 2009 48.252398 -64.562865 2.442824957 2174 98.7552 0.95
"5735" 2009 48.224425 -64.430518 0.480213522 2445 100.584 0.94
"5736" 2009 48.27981 -64.390313 1.387869717 2590 113.3856 0.91
"5737" 2009 48.303147 -64.216347 7.07416567 2763.5 109.728 1.09
"5738" 2009 48.226585 -64.171038 1.269167056 3771 69.4944 1.22
"5739" 2009 48.187945 -64.73075 1.397863139 2447 96.9264 0.84
"5740" 2009 48.02844 -64.860357 0.558934248 2194 89.6112 0.74
"5741" 2009 48.124957 -64.914902 0 3328 51.2064 9.61
"5742" 2009 48.15028 -64.780263 2.453086839 2088 89.6112 0.84
"5743" 2009 47.954232 -65.628698 0.808832406 3236 36.576 1.17
"5744" 2009 47.903633 -65.345492 1.187654576 2169 65.8368 1.1
"5745" 2009 47.907198 -65.2887 1.666140261 2336 71.3232 0.95
"5746" 2009 47.99175 -65.183345 0.423317449 2951 64.008 1.77
"5747" 2009 47.946032 -65.031218 5.113240312 2495 80.4672 0.78
"5748" 2009 47.93868 -64.914082 4.378085562 2247 71.3232 0.81
"5749" 2009 47.804322 -65.328947 0 1368 38.4048 1.26
"5750" 2009 48.205482 -64.636212 3.389006407 2464 93.2688 0.93
"5751" 2009 48.040363 -64.742043 2.311459363 2538 82.296 0.92
"5752" 2009 48.131168 -64.63168 3.628590746 2241 87.7824 0.83
"5753" 2009 48.151573 -64.404938 0.364517676 3961 58.5216 3.14
"5754" 2009 47.869435 -64.250993 0 2415 38.4048 8.46
"5755" 2009 47.91937 -64.049798 1.236125344 2132 80.4672 0.95
"5756" 2009 47.848338 -63.975258 0 2796 74.9808 0.88
"5757" 2009 47.956782 -63.923947 1.401979049 2315 87.7824 0.78
"5758" 2009 47.939687 -63.829295 0 2577 89.6112 0.78
"5759" 2009 47.859512 -63.782835 1.930640337 3755 78.6384 0.83
"5760" 2009 47.906565 -63.59655 0 3092 62.1792 0.89
"5761" 2009 47.73537 -64.188882 1.299689414 3140 64.008 2.13
"5762" 2009 47.822938 -64.266388 0 1500 40.2336 6.59
"5763" 2009 47.737138 -64.073202 7.550913522 2660 80.4672 0.93
"5764" 2009 47.75701 -63.927437 1.113848101 2514 80.4672 0.9
"5765" 2009 47.956455 -63.562608 0 3867 73.152 0.86
"5766" 2009 47.876545 -63.3778 0 3861 82.296 0.35
"5767" 2009 47.87284 -63.269715 1.611641456 3933 82.296 0.32
"5768" 2009 47.763165 -63.548468 0 3462.6 78.6384 0.44
"5769" 2009 47.79976 -63.425513 0.587651363 3894 78.6384 0.38
"5770" 2009 47.81405 -63.37772 1.078226987 3891 76.8096 0.39
"5771" 2009 47.788248 -63.303388 2.3038115 3602 85.9536 0.28
"5772" 2009 47.82922 -63.237525 3.185209218 4030 80.4672 0.34
"5773" 2009 47.712327 -63.80134 0 2234 64.008 1.21
"5774" 2009 47.569278 -64.376337 0 2647 47.5488 5.73
"5775" 2009 47.542848 -64.228352 1.496904668 1939 60.3504 3.07
"5776" 2009 47.611385 -64.067398 5.477355479 2074 74.9808 1.32
"5777" 2009 47.579765 -63.838053 0.9189701 2992.9 64.008 1.72
"5778" 2009 47.613363 -63.706063 1.465844639 3947 73.152 0.69
"5779" 2009 47.64768 -63.720247 1.256434846 4077 73.152 0.76
"5780" 2009 47.641923 -63.640495 1.170483131 3761 73.152 0.68
"5781" 2009 47.65491 -63.442598 7.209634014 3292 84.1248 0.35
"5782" 2009 47.633753 -63.289698 5.879776563 3536 85.9536 0.43
"5783" 2009 47.360583 -64.419052 0 2625 43.8912 6.17
"5784" 2009 47.48531 -64.234945 3.823554267 2078 60.3504 2.45
"5785" 2009 47.485398 -64.013263 0 2770 42.0624 6.15
"5786" 2009 47.469767 -64.143902 1.699879633 3286 54.864 3.07
"5787" 2009 47.365642 -63.98751 0 2717 42.0624 7.58
"5788" 2009 47.452372 -63.909113 0.377179804 2393 56.6928 2.45
"5789" 2009 47.18787 -64.416525 0 2530 40.2336 7.69
"5790" 2009 47.289392 -64.234335 1.56379052 3381 47.5488 3.37
"5791" 2009 47.040277 -64.372673 0 3102 38.4048 6.25
"5792" 2009 47.122838 -64.242812 0 3345 42.0624 4.15
"5793" 2009 47.203227 -64.136527 0 2754 38.4048 5.43
"5794" 2009 47.464512 -63.807503 1.587037597 3237 65.8368 1.42
"5795" 2009 47.375387 -63.70065 0.855760934 3580 65.8368 1.31
"5796" 2009 47.375037 -63.608868 2.518517211 3848 67.6656 0.95
"5797" 2009 47.31615 -63.7427 0.443764815 3428 62.1792 1.75
"5798" 2009 47.295902 -63.605237 2.016785032 3426 69.4944 1.21
"5799" 2009 47.321013 -63.469597 4.641589787 3740 65.8368 0.88
"5800" 2009 47.867705 -62.704405 3.166828575 3496 76.8096 0.32
"5801" 2009 47.735743 -62.693057 0.96055875 2897 64.008 0.45
"5802" 2009 47.811877 -62.81405 1.373031142 3065 69.4944 0.34
"5803" 2009 47.613738 -62.851455 0.55830362 2663 60.3504 0.05
"5804" 2009 47.517755 -62.789115 4.799999542 2898 54.864 0.19
"5805" 2009 47.648213 -62.702433 1.463695466 2776 64.008 0.26
"5806" 2009 47.64945 -62.538878 2.777091725 3724 76.8096 0.29
"5807" 2009 47.582073 -62.493263 1.484911994 3697 74.9808 0.31
"5808" 2009 47.441298 -62.677368 1.36630881 2482 64.008 0.15
"5809" 2009 48.078635 -62.93529 0.434522543 2785 67.6656 1.31
"5810" 2009 48.038443 -62.74648 0.435454167 2995.7 85.9536 0.36
"5811" 2009 48.060412 -62.77441 1.042824645 2686 84.1248 0.35
"5812" 2009 48.023818 -62.553182 0 2873 64.008 0.62
"5813" 2009 48.063048 -62.629918 0.383743356 3818 87.7824 0.24
"5814" 2009 47.970643 -63.0511 0 2024 60.3504 NA
"5815" 2009 47.864487 -63.034265 1.561348093 3069 71.3232 0.45
"5816" 2009 47.912808 -62.893792 1.402724545 3015 71.3232 0.37
"5817" 2009 47.962843 -62.734618 1.394829171 3076.1 84.1248 0.27
"5818" 2009 47.849575 -62.537932 0 3303 73.152 0.28
"5819" 2009 47.89117 -62.422185 0 2967 78.6384 0.37
"5820" 2009 47.782718 -63.021602 2.896586812 3483 74.9808 0.31
"5821" 2009 47.75884 -63.094118 1.732630025 3564 74.9808 0.42
"5822" 2009 47.8193 -62.94867 0 3696 73.152 0.35
"5823" 2009 47.545983 -63.552963 4.838297732 3665 73.152 0.52
"5824" 2009 47.55635 -63.140243 1.285555671 2825 62.1792 0.78
"5825" 2009 47.456127 -63.627247 1.369111816 3178 64.008 1.24
"5826" 2009 47.369843 -63.473762 4.327733766 4136 74.9808 0.57
"5827" 2009 47.45558 -63.378248 6.414080835 3799 78.6384 0.52
"5828" 2009 47.489585 -63.304267 4.036758596 2074 80.4672 0.46
"5829" 2009 47.42781 -63.154305 0 3030 69.4944 0.78
"5830" 2009 47.36431 -62.877432 0.765678919 3524 49.3776 0.92
"5831" 2009 47.268482 -62.703617 2.218705851 2927 65.8368 0.4
"5832" 2009 46.37823 -61.3587 0.667243894 1688 54.864 3.22
"5833" 2009 46.487065 -61.303138 0.698122302 3279 65.8368 1.88
"5834" 2009 46.2017 -61.716658 2.400626159 2316 54.864 2.84
"5835" 2009 46.177868 -61.736175 0.609624218 2050 53.0352 2.97
"5836" 2009 46.318302 -61.538078 4.022907166 2171 64.008 1.81
"5837" 2009 46.30009 -61.56415 1.411124849 2242 60.3504 1.84
"5838" 2009 46.12841 -61.701262 3.264445567 2227 54.864 2.76
"5839" 2009 46.302368 -62.138078 0 2438 36.576 9.41
"5840" 2009 46.287427 -62.088128 0 2302 38.4048 8.35
"5841" 2009 46.19402 -61.97663 0 2113.9 42.0624 8.56
"5842" 2009 46.143217 -62.023637 0 1919 45.72 7.24
"5843" 2009 46.123648 -61.970282 0 1613 40.2336 6.68
"5844" 2009 46.065455 -61.74826 0 1896 51.2064 3.67
"5845" 2009 46.135272 -61.556498 0 2391 47.5488 7.55
"5846" 2009 46.128032 -61.589238 0 2020 47.5488 6.7
"5847" 2009 45.90152 -62.037312 0 2333 38.4048 9.27
"5848" 2009 45.906277 -61.883617 0 2524 38.4048 16.04
"5849" 2009 46.342583 -61.908235 0 2358 36.576 15.45
"5850" 2009 47.051573 -61.019892 3.054343484 3149 87.7824 1.95
"5851" 2009 47.06785 -60.922117 0.962628938 2684 107.8992 3.14
"5852" 2009 46.965988 -61.533802 0 2614 45.72 1.26
"5853" 2009 46.875768 -61.382152 0.839015898 3355 64.008 0.84
"5854" 2009 46.953035 -61.362105 4.53180755 3136 51.2064 0.97
"5855" 2009 46.964478 -61.287938 9.485028567 3358 54.864 1.31
"5856" 2009 46.984203 -61.106518 4.598575179 3282 62.1792 1.63
"5857" 2009 46.716692 -61.49683 3.132811001 3140 64.008 0.84
"5858" 2009 46.57066 -61.776273 0 2751 54.864 2.01
"5859" 2009 46.526312 -61.526777 3.778258099 3672 60.3504 1.51
"5860" 2009 46.474107 -61.725967 0 2098 43.8912 4.02
"5861" 2009 46.461722 -61.53042 3.451970637 2382 58.5216 1.56
"5862" 2009 47.231445 -60.359622 0 3851 195.6816 4.98
"5863" 2009 47.068597 -60.487975 4.252780076 2446 122.5296 3.5
"5864" 2009 47.130035 -60.371533 1.948015179 2509.7 173.736 4.9
"5865" 2009 47.1375 -60.328105 10.12179852 3260 181.0512 4.95
"5866" 2009 47.386752 -61.084845 2.244397512 2239 47.5488 2.35
"5867" 2009 47.44585 -61.083903 0 2787 42.0624 2.46
"5868" 2009 47.412412 -60.851967 3.68919728 2459 58.5216 1.38
"5869" 2009 47.355872 -60.723378 1.206324379 2401 64.008 1.38
"5870" 2009 47.441663 -60.559607 1.255315123 2348 84.1248 1.49
"5871" 2009 47.38158 -60.415505 0 2611 80.4672 1.7
"5872" 2009 47.441205 -60.31531 0 1288 164.592 4.28
"5873" 2009 47.205457 -60.536553 0 2191 162.7632 4.69
"5874" 2009 47.306493 -60.525895 0 2630 74.9808 1.64
"5875" 2009 47.140143 -60.56884 0.523752112 1950 173.736 4.81
"5876" 2009 47.250688 -61.247323 1.746667892 2564 45.72 3.31
"5877" 2009 47.310548 -61.09191 2.488309605 1847 51.2064 2.09
"5878" 2009 47.20276 -60.88671 1.292099404 3225 71.3232 1.55
"5879" 2009 47.26856 -60.855433 4.16691895 3422 85.9536 1.38
"5880" 2009 47.200417 -60.709562 0.39572693 2176 106.0704 1.98
"5881" 2009 47.139303 -61.267453 3.801945995 2613 47.5488 3.38
"5882" 2009 47.061838 -60.69827 4.079490608 2212 164.592 4.28
"5883" 2009 47.06899 -60.852675 3.684023514 1974 124.3584 3.2
"5884" 2009 47.037077 -60.800528 0 2121 138.9888 3.39
"5885" 2009 46.892233 -61.019918 5.748920013 3600 102.4128 3.14
"5886" 2009 46.953482 -60.881347 10.88420155 1999 135.3312 3.4
"5887" 2009 46.849643 -60.938113 0.44755296 2282 124.3584 2.34
"5888" 2009 46.987518 -60.730558 5.112439275 2095 146.304 3.2
"5889" 2009 46.801368 -61.13033 1.686601854 3594 80.4672 1.48
"5890" 2009 46.796488 -60.961237 2.957408411 3273 118.872 1.78
"5891" 2009 46.905937 -61.234172 1.348649408 2745 62.1792 0.99
"5892" 2009 46.701613 -61.369713 0 2713 71.3232 1.58
"5893" 2009 46.808137 -61.312038 1.019127406 3151 64.008 1.14
"5894" 2009 46.593358 -61.37567 1.285116108 3367 62.1792 1.71
"5895" 2009 46.588785 -61.169967 0 3250 76.8096 1.8
"5896" 2010 47.895113 -60.959713 0.728066217 2956 82.296 1
"5897" 2010 47.914155 -60.751072 0 2008 309.0672 5.5
"5898" 2010 47.794303 -61.061872 3.625235543 2496 42.0624 1.6
"5899" 2010 47.738845 -60.961712 0 2790 53.0352 1.9
"5900" 2010 47.690612 -60.689798 0 2831 71.3232 1.4
"5901" 2010 47.747037 -60.797783 0.539762068 2523 69.4944 1.4
"5902" 2010 47.696503 -60.636197 0 2777 78.6384 1.6
"5903" 2010 47.725408 -60.640907 0 2929 109.728 2
"5904" 2010 47.555265 -60.912047 0 2580 47.5488 2.3
"5905" 2010 47.648508 -60.899057 0 2679 45.72 2
"5906" 2010 47.553075 -60.761893 1.909919352 2657 53.0352 2
"5907" 2010 47.550388 -60.731653 0.906328853 2760 54.864 1.7
"5908" 2010 47.590863 -60.591638 0 2215 67.6656 1.7
"5909" 2010 47.590528 -60.504597 0 2365 131.6736 2.5
"5910" 2010 48.187462 -61.20551 0 1923 387.7056 5.3
"5911" 2010 48.17548 -61.30254 0 2646.6 347.472 5
"5912" 2010 48.119233 -61.292553 0.428038941 2653.1 254.2032 5
"5913" 2010 48.060772 -61.261613 0.49111173 3174 100.584 1.3
"5914" 2010 48.022357 -61.046808 0 2110 230.4288 4.4
"5915" 2010 48.122102 -61.052037 0 3500 367.5888 5.3
"5916" 2010 48.025307 -60.95154 0 2560 332.8416 5.3
"5917" 2010 48.042795 -60.991318 0 2626.7 329.184 5.3
"5918" 2010 47.950792 -61.277055 0 2824 62.1792 0.8
"5919" 2010 47.993072 -61.151365 0.696839659 1510 85.9536 1.1
"5920" 2010 47.973547 -60.825862 0 3702 352.9584 5.5
"5921" 2010 48.18912 -61.62163 0 2830.5 217.6272 3.5
"5922" 2010 48.057442 -62.036813 0 2849 64.008 0.7
"5923" 2010 48.116893 -61.85113 2.391902917 2945 84.1248 0.8
"5924" 2010 48.046887 -61.843513 0.443090653 2625 65.8368 0.5
"5925" 2010 48.080815 -61.687862 1.403824372 3533 84.1248 1
"5926" 2010 48.118933 -61.582098 0 2966 78.6384 1
"5927" 2010 48.145802 -61.6419 0.894856424 3005 109.728 1.1
"5928" 2010 48.05704 -61.499225 0 2524 67.6656 1
"5929" 2010 48.06715 -61.423492 0.920951058 2930 76.8096 1
"5930" 2010 47.997 -61.624437 0 3337 58.5216 1.3
"5931" 2010 47.938268 -61.448657 0 3070 58.5216 1
"5932" 2010 47.956893 -61.942437 2.27777783 2756 58.5216 0.5
"5933" 2010 47.932023 -61.742345 0.932709207 2829 60.3504 0.7
"5934" 2010 47.834088 -61.67382 0 2639 51.2064 1.6
"5935" 2010 47.779308 -62.512345 0 3570 71.3232 0.5
"5936" 2010 47.703057 -62.52478 1.564600505 3437 76.8096 0.7
"5937" 2010 47.795962 -62.436805 2.137522259 3301 74.9808 0.7
"5938" 2010 47.775947 -62.309148 9.019868088 2758 65.8368 0.8
"5939" 2010 47.73974 -62.167637 3.776169259 3030 56.6928 3.7
"5940" 2010 47.730762 -61.978268 0 1876 43.8912 2
"5941" 2010 47.751617 -61.819452 0 2458 40.2336 2.2
"5942" 2010 47.696831 -62.393378 0 1737 60.3504 1.3
"5943" 2010 47.649812 -62.538198 2.603535304 2852 76.8096 0.7
"5944" 2010 47.582045 -62.492052 7.74735277 3235 76.8096 0.5
"5945" 2010 47.644095 -62.175983 0 2399 49.3776 1.4
"5946" 2010 47.532665 -62.154945 0.704006177 2325 47.5488 2.2
"5947" 2010 47.501555 -62.1446 1.471065346 2480 42.0624 2.8
"5948" 2010 47.441218 -62.676078 2.314677773 2748 64.008 0.7
"5949" 2010 47.450715 -62.605152 1.950916181 2931 67.6656 0.7
"5950" 2010 47.420647 -62.60006 0 3558 69.4944 0.7
"5951" 2010 47.418123 -62.492378 0.833182082 3040 67.6656 0.8
"5952" 2010 47.445394 -62.289269 1.144285227 1964 54.864 1.1
"5953" 2010 47.267673 -62.703475 2.142344998 3032 64.008 0.8
"5954" 2010 47.18753 -62.71705 2.120460827 2927 62.1792 1
"5955" 2010 47.151138 -62.732802 3.066760272 2822 64.008 1.1
"5956" 2010 47.180527 -62.572925 2.652626552 3026.7 67.6656 0.7
"5957" 2010 47.184842 -62.491012 0.43612044 2969 58.5216 0.8
"5958" 2010 47.20172 -62.319005 0 2912 49.3776 1.1
"5959" 2010 47.214137 -62.178307 0 3512 40.2336 4
"5960" 2010 47.093832 -62.625315 5.1771657 2908.8 71.3232 1
"5961" 2010 47.057485 -62.493858 0.990729645 3081 69.4944 0.7
"5962" 2010 47.095618 -62.2195 0 1965 49.3776 1.1
"5963" 2010 46.935018 -62.531243 0.363691781 2201 64.008 0.7
"5964" 2010 46.987038 -62.566322 5.784944303 3042 62.1792 0.8
"5965" 2010 46.94131 -62.359597 0.681752607 2619 60.3504 0.7
"5966" 2010 46.971648 -62.27717 0 1979 56.6928 0.8
"5967" 2010 46.699403 -63.101473 0.640238783 2244 49.3776 1.4
"5968" 2010 46.763912 -63.041232 3.607020288 3352 58.5216 0.9
"5969" 2010 46.721398 -62.88385 0.576627225 3263 56.6928 0.9
"5970" 2010 46.571103 -63.194212 0 2296 38.4048 2.3
"5971" 2010 46.618065 -63.116823 0 2510 45.72 1.5
"5972" 2010 46.516793 -62.955845 0 2521 36.576 2.2
"5973" 2010 46.603743 -62.68808 0 1988 45.72 2.2
"5974" 2010 46.564118 -62.580815 0 2477.1 43.8912 2.3
"5975" 2010 46.637993 -62.446887 0 2459.3 54.864 1.4
"5976" 2010 46.562617 -62.232152 0 2360 43.8912 2.5
"5977" 2010 46.557882 -62.30392 0 2611.9 43.8912 2.3
"5978" 2010 47.00782 -63.178743 1.789535527 3068 60.3504 0.9
"5979" 2010 47.044682 -63.277072 1.065132932 3109 60.3504 0.6
"5980" 2010 47.020273 -62.995373 0 2477 58.5216 0.9
"5981" 2010 46.865927 -63.07468 2.118564401 3304 62.1792 0.8
"5982" 2010 46.98129 -62.984965 3.375785922 3069 58.5216 1.1
"5983" 2010 46.881027 -62.892853 4.659544385 2921 60.3504 0.9
"5984" 2010 46.908878 -62.802982 2.69090148 3085 60.3504 0.9
"5985" 2010 46.9722 -62.807188 12.21307813 3090 64.008 0.8
"5986" 2010 46.783827 -62.773227 0 2748.1 58.5216 0.6
"5987" 2010 46.781867 -62.582743 0 1444 62.1792 0.8
"5988" 2010 46.808002 -62.549255 0.650670464 2833 62.1792 0.6
"5989" 2010 47.110603 -63.713125 1.322672023 3213 54.864 0.9
"5990" 2010 47.002903 -63.721492 0.455057603 2670 45.72 2
"5991" 2010 47.147485 -63.509248 2.061961624 3247 58.5216 0.6
"5992" 2010 47.110372 -63.459448 3.359097494 2668 60.3504 0.8
"5993" 2010 46.969072 -63.523558 0 3028.2 47.5488 1.5
"5994" 2010 46.946928 -63.623855 0 1646 45.72 2.2
"5995" 2010 46.940067 -63.355883 0.776859248 3388 56.6928 0.8
"5996" 2010 46.889188 -63.27076 1.934332919 3475 56.6928 0.8
"5997" 2010 46.712672 -63.41254 0 2493 42.0624 2
"5998" 2010 46.77966 -63.323212 0 3798 45.72 1.4
"5999" 2010 47.568653 -64.376287 0 2867 47.5488 1.4
"6000" 2010 47.542973 -64.227548 2.960634191 1805 62.1792 0.5
"6001" 2010 47.360757 -64.41877 0.661216648 2599 43.8912 0.8
"6002" 2010 47.485147 -64.233752 4.713827574 2475.5 60.3504 0.3
"6003" 2010 47.469487 -64.143203 0.567654368 3621 54.864 0.3
"6004" 2010 47.486053 -64.01411 0 1795 42.0624 1.2
"6005" 2010 47.188443 -64.416957 0 2457 40.2336 1.7
"6006" 2010 47.290048 -64.233062 1.720068511 2531 47.5488 0.9
"6007" 2010 47.040957 -64.373635 0 3001 38.4048 2.3
"6008" 2010 47.12242 -64.242342 0 3069 42.0624 2
"6009" 2010 47.202472 -64.136815 0 2879 40.2336 2
"6010" 2010 47.36693 -63.986062 0 2406 42.0624 0.9
"6011" 2010 47.369873 -63.473962 3.755864255 3768 74.9808 0.3
"6012" 2010 47.316108 -63.741937 0.37948046 3687 62.1792 0.5
"6013" 2010 47.295468 -63.603762 1.108296747 3693 71.3232 0.5
"6014" 2010 47.320627 -63.469817 4.693278195 3658 65.8368 0.5
"6015" 2010 48.878272 -64.165397 0 3144 58.5216 0.6
"6016" 2010 48.772753 -64.299273 4.344259867 1951 69.4944 0.6
"6017" 2010 48.792355 -64.041407 0 1273 104.2416 1.5
"6018" 2010 48.687022 -63.939387 7.084359156 2964 131.6736 2
"6019" 2010 48.576662 -63.87464 2.240606326 2256 159.1056 2.5
"6020" 2010 48.584733 -63.757585 1.577381282 2219.3 148.1328 1.5
"6021" 2010 48.609075 -63.793903 3.039601737 2219.3 140.8176 1.2
"6022" 2010 48.772758 -63.898807 0.862670195 1465 162.7632 3.2
"6023" 2010 48.746078 -63.790057 7.913943367 2820 166.4208 3.5
"6024" 2010 48.706682 -63.557737 0 1582 160.9344 2.5
"6025" 2010 48.720045 -63.469057 0 2129 170.0784 2.9
"6026" 2010 48.537752 -63.361125 0.383621111 2339 137.16 2.5
"6027" 2010 48.525855 -63.269328 0 1638 129.8448 2.8
"6028" 2010 48.551667 -63.101787 0.841943269 2751.4 243.2304 4.7
"6029" 2010 48.525375 -63.116623 0 2524 213.9696 4.4
"6030" 2010 48.479945 -63.099488 0 3147 85.9536 0.8
"6031" 2010 48.48605 -62.76673333 0 2474.4 358.4448 5.2
"6032" 2010 48.379775 -62.569485 0 2536 241.4016 4.7
"6033" 2010 48.439328 -62.494962 0 1537 376.7328 5
"6034" 2010 48.344025 -62.355427 0 1983 248.7168 4.7
"6035" 2010 48.288245 -62.47928 0 2111 84.1248 0.2
"6036" 2010 48.249298 -62.218743 1.183490293 3004 109.728 2
"6037" 2010 48.267898 -62.13238 0 2237 122.5296 1.7
"6038" 2010 48.250175 -61.8706 0.606285083 2232 263.3472 5
"6039" 2010 48.230757 -61.960898 0 1858 142.6464 2.3
"6040" 2010 48.287047 -61.782675 0 2208 345.6432 5.2
"6041" 2010 48.044978 -62.380367 2.085070655 3704 80.4672 0.3
"6042" 2010 48.082033 -62.302288 2.645360698 3553 100.584 0.2
"6043" 2010 48.050963 -62.329793 2.526566754 2163 91.44 0.2
"6044" 2010 48.151155 -62.14817 0 2786.8 95.0976 0.5
"6045" 2010 47.867625 -62.704885 1.354766932 3335 76.8096 0.2
"6046" 2010 47.849483 -62.538158 1.288553141 3306 74.9808 0.5
"6047" 2010 47.998238 -62.381362 0.82324237 2667 76.8096 0.3
"6048" 2010 47.890693 -62.420832 2.32180587 3235 80.4672 0.3
"6049" 2010 47.978978 -62.307648 0.821854825 3323 82.296 0.3
"6050" 2010 47.913632 -62.133555 0 3319 54.864 1.1
"6051" 2010 48.360455 -63.35158 0.361926275 3299 85.9536 0.8
"6052" 2010 48.357893 -63.26387 0.803431184 2315 67.6656 0.5
"6053" 2010 48.372087 -62.918202 0 3326 85.9536 0.2
"6054" 2010 48.269297 -63.35276 1.852013872 2286 85.9536 0.5
"6055" 2010 48.231597 -63.470072 4.54170695 2009 117.0432 1.2
"6056" 2010 48.293547 -63.274407 0 3010 71.3232 0.3
"6057" 2010 48.281415 -63.069795 1.134176953 2754 65.8368 0.3
"6058" 2010 48.247617 -63.15832 0.428434001 2560 53.0352 0.5
"6059" 2010 48.246497 -62.895225 0 2920 74.9808 NA
"6060" 2010 48.23935 -62.7222 0 3208 89.6112 0.2
"6061" 2010 48.242542 -62.586313 0.644050479 3429 93.2688 0.6
"6062" 2010 48.145178 -63.547122 4.466713372 2307 95.0976 0.6
"6063" 2010 48.048852 -63.426315 1.481555634 1996 85.9536 0.5
"6064" 2010 48.070078 -63.308443 5.110517548 3609 89.6112 0.3
"6065" 2010 48.127668 -63.185148 0.754414813 2724 69.4944 0.5
"6066" 2010 48.138993 -63.148232 0.562728151 3128 73.152 0.3
"6067" 2010 48.112072 -63.119083 0.377663365 2835 69.4944 0.5
"6068" 2010 48.078235 -62.935238 0.831489546 1867 67.6656 0.5
"6069" 2010 48.037767 -62.74648 1.174211882 2846.5 87.7824 0.2
"6070" 2010 48.059888 -62.774557 2.003375137 3135 84.1248 0.2
"6071" 2010 48.062697 -62.629092 0.585695646 2356 87.7824 0.2
"6072" 2010 48.023912 -62.552655 0 2904 64.008 0.6
"6073" 2010 47.96453333 -62.73498333 0.898436294 2474.4 84.1248 0.2
"6074" 2010 48.11893 -63.892838 0 3160 76.8096 0.6
"6075" 2010 48.082185 -63.691123 4.220712256 2447 107.8992 0.5
"6076" 2010 48.040037 -63.74012 3.359231364 2828 104.2416 0.5
"6077" 2010 47.906293 -63.597415 0.632832815 2839 64.008 0.6
"6078" 2010 47.956847 -63.563848 1.300836381 3813 74.9808 0.6
"6079" 2010 47.875603 -63.379155 4.817881177 3509 82.296 0.5
"6080" 2010 47.873165 -63.269993 3.617144593 3473 84.1248 0.3
"6081" 2010 47.970307 -63.049457 0 2904 62.1792 0.8
"6082" 2010 47.864402 -63.034133 1.389482835 2904 71.3232 0.5
"6083" 2010 47.913472 -62.894098 0 2407 71.3232 0.3
"6084" 2010 47.829615 -63.237327 1.479677482 3369 80.4672 0.3
"6085" 2010 48.125232 -64.91562 0 2202.9 53.0352 1.2
"6086" 2010 48.028897 -64.860547 1.956724748 2643 85.9536 0.6
"6087" 2010 48.150027 -64.780127 1.674430996 2136 96.9264 0.6
"6088" 2010 48.039677 -64.741457 2.437212365 1998 82.296 0.8
"6089" 2010 47.955383 -65.628168 0 1868 36.576 4.1
"6090" 2010 47.90443 -65.346322 4.316203682 1780 65.8368 0.8
"6091" 2010 47.907523 -65.288733 4.787582161 2074 71.3232 0.8
"6092" 2010 47.991927 -65.183587 1.435433164 3159 64.008 1.2
"6093" 2010 47.945773 -65.030415 2.59921531 1721 80.4672 0.8
"6094" 2010 47.938612 -64.914683 4.006253885 2313 69.4944 0.8
"6095" 2010 47.8042 -65.329487 0 2748 40.2336 3.1
"6096" 2010 48.356803 -64.39712 1.647024857 3541 80.4672 0.8
"6097" 2010 48.187575 -64.730608 1.219907266 2230 98.7552 0.6
"6098" 2010 48.205905 -64.635903 2.546117343 1938 93.2688 0.6
"6099" 2010 48.25214 -64.562513 3.82006956 1817 98.7552 0.6
"6100" 2010 48.2809 -64.39181 3.169052072 1758 113.3856 0.6
"6101" 2010 48.224548 -64.42956 1.709291451 2455.7 102.4128 0.6
"6102" 2010 48.226483 -64.171042 3.214917284 3742 69.4944 1.1
"6103" 2010 48.302998 -64.21693 2.374280036 2360 111.5568 0.6
"6104" 2010 48.130677 -64.630487 7.248854484 2411.6 87.7824 0.6
"6105" 2010 48.151688 -64.404813 1.481996228 3866 58.5216 0.9
"6106" 2010 48.42352 -64.230923 1.133974304 3037 69.4944 1.1
"6107" 2010 48.575175 -64.102205 2.630909768 2509 98.7552 0.8
"6108" 2010 48.532462 -64.00455 2.122399013 1769 120.7008 1.4
"6109" 2010 48.546382 -63.564128 0 2138 129.8448 1.7
"6110" 2010 48.455165 -64.129417 0 3603 71.3232 1.1
"6111" 2010 48.440292 -63.969795 1.840053852 2397 115.2144 1.1
"6112" 2010 48.39801 -63.790312 0.440132581 2844.4 118.872 1.2
"6113" 2010 48.403305 -63.540033 3.609448715 3598 107.8992 1.4
"6114" 2010 48.465963 -63.580335 1.266025978 2293 133.5024 1.4
"6115" 2010 48.410203 -63.455408 3.581483333 3162 111.5568 1.5
"6116" 2010 48.274257 -63.616778 0 3930 96.9264 0.5
"6117" 2010 48.304757 -64.020595 0 3298 84.1248 0.5
"6118" 2010 48.216707 -63.891962 1.920635866 2879.9 84.1248 0.5
"6119" 2010 48.276857 -63.79411 0.394230881 2826.7 82.296 0.5
"6120" 2010 48.246685 -63.645472 0.648574988 2802 98.7552 0.3
"6121" 2010 48.16124 -63.84618 0.490822811 2811.8 76.8096 0.6
"6122" 2010 47.918928 -64.049957 2.977405797 2199 80.4672 0.6
"6123" 2010 47.956962 -63.922317 1.629839353 2330 85.9536 0.5
"6124" 2010 47.847745 -63.97596 0 2307 74.9808 0.8
"6125" 2010 47.85906 -63.782447 1.053650329 2778 78.6384 0.5
"6126" 2010 47.939512 -63.827947 0.959161663 2067 87.7824 0.5
"6127" 2010 47.763478 -63.548072 2.632272397 3536 80.4672 0.3
"6128" 2010 47.800283 -63.424923 1.346638229 3483 78.6384 0.5
"6129" 2010 47.814542 -63.37697 3.223342702 3072 76.8096 0.5
"6130" 2010 47.78923 -63.303422 2.058968568 2905 84.1248 0.5
"6131" 2010 47.758828 -63.092532 5.505241363 3640 76.8096 0.3
"6132" 2010 47.782787 -63.022357 2.900296657 3468 74.9808 0.5
"6133" 2010 47.819498 -62.94883 1.591847153 3435 73.152 0.5
"6134" 2010 47.811088 -62.815872 1.018972645 3371 69.4944 0.5
"6135" 2010 47.735113 -62.693028 0.618871016 3246.9 64.008 0.5
"6136" 2010 47.613797 -62.852375 1.10617022 2904 60.3504 0.6
"6137" 2010 47.64776 -62.702108 0.688450539 2958 64.008 0.6
"6138" 2010 47.51814 -62.789258 2.117082242 3075 54.864 0.9
"6139" 2010 47.737002 -64.072893 3.357708383 2578 80.4672 0.6
"6140" 2010 47.756623 -63.927125 4.595365396 3096 80.4672 0.8
"6141" 2010 47.712325 -63.800998 0.946771682 2937 64.008 0.8
"6142" 2010 47.613425 -63.706242 4.194917227 3661 73.152 0.5
"6143" 2010 47.64759 -63.720798 3.97471881 3088.8 73.152 0.5
"6144" 2010 47.546498 -63.551875 4.305817756 3800 73.152 0.5
"6145" 2010 47.641778 -63.640318 0.953894392 2565 74.9808 0.5
"6146" 2010 47.655338 -63.4423 5.754567105 2258 84.1248 0.3
"6147" 2010 47.6355 -63.2903 4.597453433 2474.4 85.9536 0.5
"6148" 2010 47.555982 -63.139591 1.43160977 3041 62.1792 0.5
"6149" 2010 47.869177 -64.251563 0 2477.5 38.4048 4.3
"6150" 2010 47.82186 -64.264497 0 2380.2 42.0624 3.2
"6151" 2010 47.735545 -64.18817 0.681752607 2337 67.6656 0.8
"6152" 2010 47.612225 -64.065902 4.095362391 2216 74.9808 0.8
"6153" 2010 47.579667 -63.837667 0 3324 65.8368 0.8
"6154" 2010 47.451987 -63.909592 0 3035.2 56.6928 0.8
"6155" 2010 47.37526 -63.700908 1.044442489 3397.8 67.6656 0.6
"6156" 2010 47.464315 -63.807465 0.36322041 3559 67.6656 0.6
"6157" 2010 47.374667 -63.60982 0.883935814 3931 71.3232 0.6
"6158" 2010 47.455163 -63.626792 1.065891478 2152 64.008 0.5
"6159" 2010 47.455592 -63.378512 14.17978112 3193.3 78.6384 0.5
"6160" 2010 47.48937 -63.30421 7.054477016 3193.3 80.4672 0.5
"6161" 2010 47.428057 -63.154418 0 3119 69.4944 0.6
"6162" 2010 47.364133 -62.87836 1.372432694 2527 49.3776 1.4
"6163" 2010 47.209765 -63.209607 5.792154951 3067 64.008 0.5
"6164" 2010 47.213723 -63.096723 4.083371236 3323 69.4944 0.5
"6165" 2010 47.208853 -62.871177 0.839540957 2996 60.3504 1.1
"6166" 2010 47.166125 -63.041757 1.528181738 2951 62.1792 0.5
"6167" 2010 47.159878 -63.099705 3.111619316 2876 65.8368 0.5
"6168" 2010 47.133532 -62.864209 2.721936095 2928 60.3504 1.1
"6169" 2010 46.686163 -62.428493 0 2160 64.008 1.5
"6170" 2010 46.701707 -62.388437 2.81881229 2725 62.1792 1.5
"6171" 2010 46.791427 -62.236632 0.506442298 2967 64.008 1.4
"6172" 2010 46.75233 -62.091662 0.693731314 3296 67.6656 1.2
"6173" 2010 46.713382 -61.932788 7.094221578 3852 89.6112 1.5
"6174" 2010 46.735293 -61.7357 1.155901487 3707 76.8096 1.5
"6175" 2010 46.777017 -61.592055 2.706298804 3189 67.6656 1.7
"6176" 2010 46.716992 -61.497142 4.841951061 3060 64.008 1.7
"6177" 2010 46.638827 -61.951008 0 2886 56.6928 1.5
"6178" 2010 46.625632 -61.86839 0 3607 56.6928 1.9
"6179" 2010 46.569978 -61.776435 0 3041 54.864 2
"6180" 2010 47.070253 -62.057362 0 3137 45.72 2.3
"6181" 2010 47.03711 -61.840443 0 2409 38.4048 4.9
"6182" 2010 46.898825 -62.027817 0 1644 56.6928 1.4
"6183" 2010 46.849973 -61.925835 2.979702531 2704 60.3504 1.5
"6184" 2010 46.854613 -61.720593 8.655383756 2850 58.5216 1.9
"6185" 2010 46.840667 -61.666423 1.660554229 3714 69.4944 1.7
"6186" 2010 46.96653333 -61.53438333 0.981475287 2474.4 43.8912 3.1
"6187" 2010 46.802533 -61.92218 8.752435754 3615 82.296 1.7
"6188" 2010 46.800853 -61.784353 6.616009161 3250 74.9808 1.7
"6189" 2010 47.445145 -61.084778 1.204763072 2403 42.0624 2.5
"6190" 2010 47.38645 -61.085557 2.308799984 2302 47.5488 2.5
"6191" 2010 47.412655 -60.851687 1.118139394 2768 60.3504 2
"6192" 2010 47.355947 -60.723383 0.71846299 2599 64.008 1.9
"6193" 2010 47.25024 -61.247372 0 2578 45.72 2.8
"6194" 2010 47.309775 -61.09224 1.034966637 2910 53.0352 2.2
"6195" 2010 47.139317 -61.267482 8.715422218 2777 47.5488 2.3
"6196" 2010 46.876177 -61.382392 4.034041196 3313 64.008 1.7
"6197" 2010 46.952995 -61.362397 5.685380562 2662 51.2064 1.9
"6198" 2010 46.964388 -61.287983 6.734564782 3231 54.864 1.7
"6199" 2010 46.474378 -61.726208 0 2567 43.8912 4.6
"6200" 2010 46.288007 -62.087435 0 1864 40.2336 4.7
"6201" 2010 46.302137 -62.138215 0 2441 38.4048 5
"6202" 2010 46.193667 -61.97698 0 2095 43.8912 4.3
"6203" 2010 46.143605 -62.023885 0 1993 45.72 4.3
"6204" 2010 46.123457 -61.97019 0 3237 40.2336 5.3
"6205" 2010 46.065335 -61.748317 1.309898893 1862 51.2064 2.5
"6206" 2010 45.901303 -62.037883 0 1992 38.4048 3.1
"6207" 2010 45.905493 -61.883322 0 2047 38.4048 4.1
"6208" 2010 46.341847 -61.908697 0 2730 36.576 8
"6209" 2010 46.526918 -61.527863 7.446351335 3450 60.3504 1.9
"6210" 2010 46.5893 -61.17005 6.545502829 3140 80.4672 1.9
"6211" 2010 46.462015 -61.53075 8.591557874 2327 58.5216 1.9
"6212" 2010 46.378988 -61.35836 0 1886 54.864 2.3
"6213" 2010 46.487348 -61.303632 4.632300595 3220 64.008 1.9
"6214" 2010 46.178423 -61.73562 2.698243147 2201 54.864 2.9
"6215" 2010 46.20165 -61.716625 1.963432788 2001 54.864 2.5
"6216" 2010 46.300353 -61.564128 1.304004926 1806 60.3504 2.2
"6217" 2010 46.319035 -61.538783 3.895723504 1743 64.008 2.3
"6218" 2010 46.12845 -61.701378 0.707145602 2194 54.864 2.5
"6219" 2010 46.135263 -61.556353 5.854596663 1865 47.5488 3.4
"6220" 2010 46.127503 -61.590277 2.210989472 1941 49.3776 2.8
"6221" 2010 46.701517 -61.370422 1.647354809 3516 71.3232 1.7
"6222" 2010 46.593043 -61.37467 5.3347363 3103 64.008 1.7
"6223" 2010 47.442503 -60.558842 0.579370012 3015 84.1248 0.9
"6224" 2010 47.38085 -60.414827 0 3036 80.4672 1.9
"6225" 2010 47.441943 -60.315385 0 2139 164.592 3.2
"6226" 2010 47.307105 -60.526568 0 2785 73.152 2.5
"6227" 2010 47.206628 -60.536385 0 2412 162.7632 5.5
"6228" 2010 47.231297 -60.359095 0 3868 195.6816 5.3
"6229" 2010 47.14196 -60.567663 0.944294887 2469 173.736 5.6
"6230" 2010 47.129728 -60.371348 3.002774207 2316 173.736 5.6
"6231" 2010 47.068455 -60.488465 3.94578395 1563 124.3584 2.9
"6232" 2010 47.137553 -60.326177 2.030485589 1775 181.0512 5
"6233" 2010 47.202423 -60.886217 2.075192371 3022 71.3232 1.7
"6234" 2010 47.268293 -60.85459 5.984962206 3402 85.9536 1.7
"6235" 2010 47.200158 -60.709102 1.100166198 2864 107.8992 1.9
"6236" 2010 47.051467 -61.019848 2.035574827 2532 91.44 2
"6237" 2010 47.069122 -60.853412 3.8770647 1737 124.3584 2.8
"6238" 2010 47.067115 -60.92141 1.93657678 1724 109.728 2.8
"6239" 2010 47.061253 -60.698795 3.398038094 2386 164.592 4.7
"6240" 2010 47.037313 -60.800378 1.091101528 2257 138.9888 3.8
"6241" 2010 46.984227 -61.105725 2.784303864 2952 62.1792 1.9
"6242" 2010 46.95339 -60.879665 7.969775175 1761 135.3312 4.6
"6243" 2010 46.988313 -60.728795 9.165384494 2464 146.304 5
"6244" 2010 46.906048 -61.234368 1.607726524 2852 60.3504 1.9
"6245" 2010 46.892643 -61.020395 13.90241516 3189 102.4128 2.8
"6246" 2010 46.849463 -60.938175 4.117855202 1572 122.5296 4.3
"6247" 2010 46.808223 -61.31246 3.06275024 2950 64.008 1.9
"6248" 2010 46.801503 -61.13089 5.370276878 3361 80.4672 2
"6249" 2010 46.795937 -60.961567 5.966706521 2986 118.872 3.8
